MattForte|CHI|1|24|141|141.0|5.9|1|5|8|141|141.0|5.9|9|0.0|1|1|0|0
DeAngeloWilliams|PIT|1|21|127|127.0|6.0|0|1|1|127|127.0|6.0|5|5.0|0|0|0|0
AlfredMorris|WAS|1|25|121|121.0|4.8|0|0|0|121|121.0|4.8|0|N/A|0|0|0|0
ChrisIvory|NYJ|1|20|91|91.0|4.6|2|1|1|91|91.0|4.6|9|0.0|0|2|0|0
EddieLacy|GNB|1|19|85|85.0|4.5|1|2|3|85|85.0|4.5|9|0.0|1|1|0|0
BishopSankey|TEN|1|12|74|74.0|6.2|1|2|4|74|74.0|6.2|12|0.0|1|1|1|0
MarshawnLynch|SEA|1|18|73|73.0|4.1|0|5|7|73|73.0|4.1|19|0.0|2|0|0|0
DionLewis|NWE|1|15|69|69.0|4.6|0|4|5|69|69.0|4.6|19|9.0|3|0|1|0
AndreEllington|ARI|1|12|69|69.0|5.8|1|1|3|69|69.0|5.8|7|0.0|0|1|1|1
JosephRandle|DAL|1|16|65|65.0|4.1|0|3|3|65|65.0|4.1|25|0.0|3|0|1|0
GiovaniBernard|CIN|1|8|63|63.0|7.9|0|6|6|63|63.0|7.9|14|0.0|1|0|0|0
JeremyHill|CIN|1|19|63|63.0|3.3|2|0|0|63|63.0|3.3|0|N/A|0|2|0|0
BilalPowell|NYJ|1|12|62|62.0|5.2|0|2|4|62|62.0|5.2|11|0.0|1|0|0|0
JamaalCharles|KAN|1|16|57|57.0|3.6|0|5|8|57|57.0|3.6|17|0.0|4|0|0|0
JonathanStewart|CAR|1|18|56|56.0|3.1|0|4|4|56|56.0|3.1|9|0.0|1|0|0|0
KarlosWilliams|BUF|1|6|55|55.0|9.2|1|0|0|55|55.0|9.2|0|N/A|0|1|0|0
LamarMiller|MIA|1|13|53|53.0|4.1|0|1|1|53|53.0|4.1|22|0.0|1|0|0|0
RashadJennings|NYG|1|13|52|52.0|4.0|1|0|1|52|52.0|4.0|0|N/A|0|1|0|0
DougMartin|TAM|1|11|52|52.0|4.7|0|1|1|52|52.0|4.7|2|0.0|0|0|0|0
T.J.Yeldon|JAC|1|12|51|51.0|4.3|0|3|4|51|51.0|4.3|7|0.0|1|0|0|0
MelvinGordon|SDG|1|14|51|51.0|3.6|0|3|3|51|51.0|3.6|9|0.0|0|0|1|1
AmeerAbdullah|DET|1|7|50|50.0|7.1|1|4|4|50|50.0|7.1|36|0.0|2|1|1|0
BennyCunningham|STL|1|16|45|45.0|2.8|0|4|7|45|45.0|2.8|42|0.0|4|0|0|0
LataviusMurray|OAK|1|11|44|44.0|4.0|0|7|7|44|44.0|4.0|11|0.0|1|0|0|0
JustinForsett|BAL|1|14|43|43.0|3.1|0|4|7|43|43.0|3.1|7|0.0|0|0|0|0
AlfredBlue|HOU|1|9|42|42.0|4.7|0|1|2|42|42.0|4.7|7|0.0|0|0|0|0
DannyWoodhead|SDG|1|12|42|42.0|3.5|2|4|7|42|42.0|3.5|15|0.0|2|2|0|0
RonnieHillman|DEN|1|12|41|41.0|3.4|0|0|0|41|41.0|3.4|0|N/A|0|0|0|0
LeSeanMcCoy|BUF|1|17|41|41.0|2.4|0|3|4|41|41.0|2.4|22|0.0|2|0|0|0
TerranceWest|TEN|1|13|41|41.0|3.2|0|0|0|41|41.0|3.2|0|N/A|0|0|1|1
ChrisJohnson|ARI|1|10|37|37.0|3.7|0|0|1|37|37.0|3.7|0|N/A|0|0|0|0
FrankGore|IND|1|8|31|31.0|3.9|0|2|3|31|31.0|3.9|2|0.0|0|0|0|0
JavoriusAllen|BAL|1|9|30|30.0|3.3|0|1|1|30|30.0|3.3|4|0.0|0|0|0|0
C.J.Anderson|DEN|1|12|29|29.0|2.4|0|4|8|29|29.0|2.4|8|0.0|0|0|0|0
MattJones|WAS|1|6|28|28.0|4.7|0|0|0|28|28.0|4.7|0|N/A|0|0|0|0
JonathanGrimes|HOU|1|6|28|28.0|4.7|0|1|2|28|28.0|4.7|2|0.0|0|0|0|0
MarkIngram|NOR|1|9|24|24.0|2.7|0|8|9|24|24.0|2.7|59|0.0|3|0|0|0
ChrisPolk|HOU|1|5|22|22.0|4.4|0|1|1|22|22.0|4.4|9|0.0|0|0|0|0
DukeJohnsonJr.|CLE|1|7|22|22.0|3.1|0|0|0|22|22.0|3.1|0|N/A|0|0|0|0
IsaiahCrowell|CLE|1|12|20|20.0|1.7|0|2|2|20|20.0|1.7|8|0.0|0|0|0|0
DenardRobinson|JAC|1|5|19|19.0|3.8|0|2|2|19|19.0|3.8|15|0.0|2|0|0|0
KhiryRobinson|NOR|1|8|19|19.0|2.4|0|5|6|19|19.0|2.4|22|0.0|2|0|0|0
JacquizzRodgers|CHI|1|4|16|16.0|4.0|0|0|1|16|16.0|4.0|0|N/A|0|0|0|0
DarrenMcFadden|DAL|1|6|16|16.0|2.7|0|1|1|16|16.0|2.7|19|0.0|1|0|0|0
KnileDavis|KAN|1|6|16|16.0|2.7|0|1|1|16|16.0|2.7|12|0.0|0|0|0|0
ShaneVereen|NYG|1|3|14|14.0|4.7|0|4|5|14|14.0|4.7|19|0.0|1|0|0|0
JoiqueBell|DET|1|6|14|14.0|2.3|0|2|2|14|14.0|2.3|18|0.0|1|0|0|0
AndreWilliams|NYG|1|6|14|14.0|2.3|0|0|0|14|14.0|2.3|0|N/A|0|0|0|0
FredJackson|SEA|1|3|13|13.0|4.3|0|1|1|13|13.0|4.3|16|0.0|1|0|0|0
MikeTolbert|CAR|1|1|12|12.0|12.0|0|1|2|12|12.0|12.0|6|0.0|0|0|0|0
CharlesSims|TAM|1|5|12|12.0|2.4|0|2|5|12|12.0|2.4|18|0.0|1|0|0|0
JoshRobinson|IND|1|4|11|11.0|2.8|0|0|0|11|11.0|2.8|0|N/A|0|0|0|0
ChrisThompson|WAS|1|3|11|11.0|3.7|0|0|1|11|11.0|3.7|0|N/A|0|0|0|0
BobbyRainey|TAM|1|3|10|10.0|3.3|0|1|1|10|10.0|3.3|4|0.0|1|0|0|0
DexterMcCluster|TEN|1|2|8|8.0|4.0|0|0|0|8|8.0|4.0|0|N/A|0|0|0|0
WillJohnson|PIT|1|4|7|7.0|1.8|1|0|0|7|7.0|1.8|0|N/A|0|1|0|0
JamizeOlawale|OAK|1|1|6|6.0|6.0|0|3|3|6|6.0|6.0|11|0.0|1|0|0|0
ZachZenner|DET|1|2|6|6.0|3.0|0|0|0|6|6.0|3.0|0|N/A|0|0|0|0
ThomasRawls|SEA|1|2|5|5.0|2.5|0|0|0|5|5.0|2.5|0|N/A|0|0|0|0
TaiwanJones|OAK|1|3|5|5.0|1.7|0|1|1|5|5.0|1.7|13|0.0|1|0|0|0
AustinJohnson|NOR|1|1|4|4.0|4.0|0|2|3|4|4.0|4.0|3|0.0|1|0|0|0
BrandenOliver|SDG|1|2|4|4.0|2.0|0|1|1|4|4.0|2.0|17|0.0|1|0|0|0
ShaunDraughn|CLE|1|1|4|4.0|4.0|0|0|1|4|4.0|4.0|0|N/A|0|0|0|0
IsaiahPead|STL|1|2|3|3.0|1.5|0|0|0|3|3.0|1.5|0|N/A|0|0|1|1
TylerVarga|IND|1|1|2|2.0|2.0|0|1|1|2|2.0|2.0|18|0.0|1|0|0|0
DerrickColeman|SEA|1|1|2|2.0|2.0|0|0|0|2|2.0|2.0|0|N/A|0|0|0|0
JamesStarks|GNB|1|2|2|2.0|1.0|0|0|0|2|2.0|1.0|0|N/A|0|0|0|0
TommyBohanon|NYJ|1|2|2|2.0|1.0|0|0|0|2|2.0|1.0|0|N/A|0|0|0|0
FozzyWhittaker|CAR|1|2|2|2.0|1.0|0|2|2|2|2.0|1.0|5|0.0|0|0|0|0
BoobieDixon|BUF|1|3|1|1.0|0.3|1|0|0|1|1.0|0.3|0|N/A|0|1|0|0
BrandonBolden|NWE|1|5|1|1.0|0.2|0|1|2|1|1.0|0.2|12|6.0|1|0|0|0
JeremyLangford|CHI|1|1|1|1.0|1.0|0|0|0|1|1.0|1.0|0|N/A|0|0|0|0
AnthonySherman|KAN|1|0|0|0.0|N/A|0|1|1|0|0.0|N/A|0|0.0|0|0|0|0
MalcolmJohnson|CLE|1|0|0|0.0|N/A|0|2|2|0|0.0|N/A|8|0.0|0|0|0|0
KyleJuszczyk|BAL|1|0|0|0.0|N/A|0|4|4|0|0.0|N/A|9|0.0|0|0|0|0
JorvorskieLane|TAM|1|1|0|0.0|0.0|0|0|0|0|0.0|0.0|0|N/A|0|0|0|0
CoreyGrant|JAC|1|0|0|0.0|N/A|0|1|1|0|0.0|N/A|5|0.0|0|0|0|0
RexBurkhead|CIN|1|0|0|0.0|N/A|0|1|1|0|0.0|N/A|24|0.0|1|0|0|0
JeromeFelton|BUF|1|0|0|0.0|N/A|0|0|1|0|0.0|N/A|0|N/A|0|0|0|0
BernardPierce|JAC|1|0|0|0.0|N/A|0|1|2|0|0.0|N/A|4|0.0|0|0|0|0
DamienWilliams|MIA|1|1|0|0.0|0.0|0|1|1|0|0.0|0.0|3|0.0|0|0|0|0
DarrelYoung|WAS|1|0|0|0.0|N/A|0|1|1|0|0.0|N/A|0|0.0|0|0|0|0
MarcelReece|OAK|1|0|0|0.0|N/A|0|3|4|0|0.0|N/A|11|0.0|2|0|0|0
DavidJohnson|ARI|1|0|0|0.0|N/A|0|1|2|0|0.0|N/A|55|0.0|1|0|0|0
LanceDunbar|DAL|1|0|0|0.0|N/A|0|8|8|0|0.0|N/A|24|0.0|4|0|0|0
TheoRiddick|DET|1|0|0|0.0|N/A|0|2|2|0|0.0|N/A|21|0.0|2|0|0|0