AustinSeferian-Jenkins|TAM|1||5|7|110|110.0|22.0|41|0.0|4|2||0|0|0.0|N/A|0||0|0|
TravisKelce|KAN|1||6|6|106|106.0|17.7|42|0.0|5|2||0|0|0.0|N/A|0||0|0|
TylerEifert|CIN|1||9|12|104|104.0|11.6|31|0.0|6|2||0|0|0.0|N/A|0||0|0|
RobGronkowski|NWE|1||5|8|94|94.0|18.8|52|7.0|5|3||0|0|0.0|N/A|0||0|0|
JaredCook|STL|1||5|6|85|85.0|17.0|30|0.0|3|0||0|0|0.0|N/A|0||0|0|
HeathMiller|PIT|1||8|11|84|84.0|10.5|18|4.3|3|0||0|0|0.0|N/A|0||0|0|
DarrenFells|ARI|1||4|5|82|82.0|20.5|48|0.0|4|1||0|0|0.0|N/A|0||0|0|
LadariusGreen|SDG|1||5|6|74|74.0|14.8|22|0.0|4|1||0|0|0.0|N/A|0||0|0|
JordanCameron|MIA|1||4|7|73|73.0|18.3|27|0.0|3|0||0|0|0.0|N/A|0||0|0|
JordanReed|WAS|1||7|11|63|63.0|9.0|25|0.0|5|1||0|0|0.0|N/A|0||0|0|
JasonWitten|DAL|1||8|9|60|60.0|7.5|15|0.0|4|2||0|0|0.0|N/A|0||0|0|
MartellusBennett|CHI|1||5|7|55|55.0|11.0|24|0.0|4|1||0|0|0.0|N/A|0||0|0|
EricEbron|DET|1||4|5|53|53.0|13.3|18|0.0|3|1||0|0|0.0|N/A|0||0|0|
JimmyGraham|SEA|1||6|8|51|51.0|8.5|19|0.0|3|1||0|0|0.0|N/A|0||0|0|
CharlesClay|BUF|1||4|4|43|43.0|10.8|27|0.0|2|0||0|0|0.0|N/A|0||1|0|
DelanieWalker|TEN|1||3|3|43|43.0|14.3|22|0.0|3|1||0|0|0.0|N/A|0||0|0|
LanceKendricks|STL|1||2|2|42|42.0|21.0|37|0.0|1|1||0|0|0.0|N/A|0||0|0|
GaryBarnidge|CLE|1||3|5|38|38.0|12.7|22|0.0|2|0||0|0|0.0|N/A|0||0|0|
DanielFells|NYG|1||3|4|33|33.0|11.0|13|0.0|3|0||0|0|0.0|N/A|0||0|0|
RichardRodgers|GNB|1||3|3|27|27.0|9.0|20|0.0|1|0||1|11|11.0|11.0|0||0|0|
CrockettGillmore|BAL|1||2|4|23|23.0|11.5|14|0.0|1|0||0|0|0.0|N/A|0||0|0|
LarryDonnell|NYG|1||3|4|21|21.0|7.0|8|0.0|1|0||0|0|0.0|N/A|0||0|0|
BenjaminWatson|NOR|1||3|5|19|19.0|6.3|8|0.0|1|0||0|0|0.0|N/A|0||0|0|
RyanGriffin|HOU|1||1|4|18|18.0|18.0|18|0.0|1|0||0|0|0.0|N/A|0||0|0|
AnthonyFasano|TEN|1||1|1|18|18.0|18.0|18|0.0|1|0||0|0|0.0|N/A|0||0|0|
DwayneAllen|IND|1||3|6|17|17.0|5.7|8|0.0|1|1||0|0|0.0|N/A|0||0|0|
MaxxWilliams|BAL|1||1|2|15|15.0|15.0|15|0.0|1|0||0|0|0.0|N/A|0||0|0|
C.J.Fiedorowicz|HOU|1||1|1|15|15.0|15.0|15|0.0|1|0||0|0|0.0|N/A|0||0|0|
JimDray|CLE|1||1|3|13|13.0|13.0|13|0.0|1|0||0|0|0.0|N/A|0||0|0|
GregOlsen|CAR|1||1|3|11|11.0|11.0|11|0.0|1|0||0|0|0.0|N/A|0||0|0|
EdDickson|CAR|1||1|2|9|9.0|9.0|9|0.0|1|0||0|0|0.0|N/A|0||0|0|
DerekCarrier|WAS|1||2|2|8|8.0|4.0|9|0.0|0|0||0|0|0.0|N/A|0||0|0|
GavinEscobar|DAL|1||2|2|8|8.0|4.0|6|0.0|2|1||0|0|0.0|N/A|0||0|0|
OwenDaniels|DEN|1||2|2|5|5.0|2.5|9|0.0|1|0||0|0|0.0|N/A|0||0|0|
CobyFleener|IND|1||1|1|5|5.0|5.0|5|0.0|0|0||0|0|0.0|N/A|0||0|0|
MychalRivera|OAK|1||1|2|4|4.0|4.0|4|0.0|0|0||0|0|0.0|N/A|0||0|0|
JermaineGresham|ARI|1||1|1|4|4.0|4.0|4|0.0|0|0||0|0|0.0|N/A|0||0|0|
ScottChandler|NWE|1||1|1|1|1.0|1.0|1|1.0|1|1||0|0|0.0|N/A|0||0|0|
CliveWalford|OAK|1||1|2|1|1.0|1.0|1|0.0|0|0||0|0|0.0|N/A|0||0|0|
NicJacobs|JAC|1||0|1|0|0.0|N/A|0|N/A|0|0||0|0|0.0|N/A|0||0|0|
RyanHewitt|CIN|1||0|1|0|0.0|N/A|0|N/A|0|0||0|0|0.0|N/A|0||0|0|
ZachMiller|CHI|1||0|1|0|0.0|N/A|0|N/A|0|0||0|0|0.0|N/A|0||0|0|
JamesO'Shaughnessy|KAN|1||0|1|0|0.0|N/A|0|N/A|0|0||0|0|0.0|N/A|0||0|0|
BrandonPettigrew|DET|1||0|1|0|0.0|N/A|0|N/A|0|0||0|0|0.0|N/A|0||0|0|
KellenDavis|NYJ|1||0|1|0|0.0|N/A|0|N/A|0|0||0|0|0.0|N/A|0||0|0|
DionSims|MIA|1||0|1|0|0.0|N/A|0|N/A|0|0||0|0|0.0|N/A|0||0|0|
VirgilGreen|DEN|1||0|1|0|0.0|N/A|0|N/A|0|0||0|0|0.0|N/A|0||0|0|
LukeWillson|SEA|1||0|1|0|0.0|N/A|0|N/A|0|0||0|0|0.0|N/A|0||0|0|
RobHousler|CLE|1||0|1|0|0.0|N/A|0|N/A|0|0||0|0|0.0|N/A|0||0|0|
ClayHarbor|JAC|1||0|1|0|0.0|N/A|0|N/A|0|0||0|0|0.0|N/A|0||0|0|
GarrettGraham|HOU|1||0|1|0|0.0|N/A|0|N/A|0|0||0|0|0.0|N/A|0||0|0|