TavonAustin|STL|1||2|5|-2|-2.0|-1.0|7|0.0|1|0||0|0|N/A|0|0||2|81|40.5|75|1||0|0|
JarvisLandry|MIA|1||8|12|53|53.0|6.6|20|0.0|3|0||0|0|N/A|0|0||2|74|37.0|69|1||0|0|
DwayneHarris|NYG|1||0|0|0|0.0|N/A|0|N/A|0|0||0|0|N/A|0|0||2|3|1.5|3|0||0|0|
De'AnthonyThomas|KAN|1||1|2|2|2.0|2.0|2|0.0|0|0||0|0|N/A|0|0||5|81|16.2|19|0||0|0|
PercyHarvin|BUF|1||5|5|79|79.0|15.8|51|0.0|1|1||0|0|0|0|0||0|0|0|0|0||0|0|
JulianEdelman|NWE|1||11|12|97|97.0|8.8|14|3.7|7|0||0|0|0|0|0||0|0|0|0|0||0|0|
BrandinCooks|NOR|1||4|8|49|49.0|12.3|30|0.0|1|0||0|0|0|0|0||0|0|0|0|0||0|0|
JamisonCrowder|WAS|1||1|1|0|0.0|0.0|0|0.0|0|0||0|0|N/A|0|0||2|23|11.5|13|0||0|0|
RussellShepard|TAM|1||1|1|6|6.0|6.0|6|0.0|1|0||0|0|0|0|0||0|0|0|0|0||0|0|
MarquessWilson|CHI|1||2|2|59|59.0|29.5|50|0.0|2|0||0|0|0|0|0||0|0|0|0|0||0|0|
KennyStills|MIA|1||1|3|12|12.0|12.0|12|0.0|1|0||0|0|0|0|0||0|0|0|0|0||0|0|
MarlonBrown|BAL|1||2|2|25|25.0|12.5|22|0.0|1|0||0|0|0|0|0||0|0|0|0|0||0|0|
OdellBeckhamJr.|NYG|1||5|8|44|44.0|8.8|16|0.0|3|0||0|0|0|0|0||0|0|0|0|0||0|0|
SammyWatkins|BUF|1||0|3|0|0.0|N/A|0|N/A|0|0||0|0|0|0|0||0|0|0|0|0||0|0|
StedmanBailey|STL|1||3|4|58|58.0|19.3|29|0.0|2|0||0|0|0|0|0||0|0|0|0|0||0|0|
JaronBrown|ARI|1||1|1|8|8.0|8.0|8|0.0|0|0||0|0|0|0|0||0|0|0|0|0||0|0|
TerranceWilliams|DAL|1||5|8|60|60.0|12.0|21|0.0|3|0||0|0|0|0|0||0|0|0|0|0||0|0|
ColeBeasley|DAL|1||4|6|49|49.0|12.3|16|0.0|2|0||0|0|N/A|0|0||1|-3|-3.0|-3|0||1|1|
ChrisOwusu|NYJ|1||4|6|55|55.0|13.8|43|0.0|1|0||0|0|0|0|0||0|0|0|0|0||0|0|
JermaineKearse|SEA|1||8|10|76|76.0|9.5|23|0.0|3|0||0|0|0|0|0||0|0|0|0|0||0|0|
SteveSmithSr.|BAL|1||2|7|13|13.0|6.5|10|0.0|1|0||0|0|N/A|0|0||2|32|16.0|22|0||0|0|
MarvinJones|CIN|1||2|3|19|19.0|9.5|12|0.0|1|0||0|0|0|0|0||0|0|0|0|0||0|0|
RodStreater|OAK|1||1|1|8|8.0|8.0|8|0.0|1|0||0|0|0|0|0||0|0|0|0|0||0|0|
DeAndreHopkins|HOU|1||9|13|98|98.0|10.9|17|0.0|7|2||0|0|0|0|0||0|0|0|0|0||0|0|
KeenanAllen|SDG|1||15|17|166|166.0|11.1|21|0.0|8|0||0|0|0|0|0||0|0|0|0|0||0|0|
AaronDobson|NWE|1||1|1|9|9.0|9.0|9|4.0|0|0||0|0|0|0|0||0|0|0|0|0||0|0|
RobertWoods|BUF|1||2|2|27|27.0|13.5|15|0.0|2|0||0|0|0|0|0||0|0|0|0|0||0|0|
JustinHunter|TEN|1||1|2|11|11.0|11.0|11|0.0|1|0||0|0|0|0|0||0|0|0|0|0||0|0|
MarkusWheaton|PIT|1||3|7|55|55.0|18.3|26|0.3|3|0||0|0|0|0|0||0|0|0|0|0||0|0|
AllenRobinson|JAC|1||1|6|27|27.0|27.0|27|0.0|1|0||0|0|0|0|0||0|0|0|0|0||0|0|
DevinFunchess|CAR|1||1|2|9|9.0|9.0|9|0.0|1|0||0|0|0|0|0||0|0|0|0|0||0|0|
PhillipDorsett|IND|1||2|3|45|45.0|22.5|29|0.0|2|0||0|0|N/A|0|0||2|1|0.5|1|0||0|0|
AmariCooper|OAK|1||5|9|47|47.0|9.4|24|0.0|3|0||0|0|0|0|0||0|0|0|0|0||0|0|
TaylorGabriel|CLE|1||2|4|20|20.0|10.0|11|0.0|1|0||0|0|0|0|0||0|0|0|0|0||0|0|
TylerLockett|SEA|1||4|4|34|34.0|8.5|12|0.0|1|0||2|56|28.0|35|0||2|63|31.5|57|1||0|0|
RashadGreene|JAC|1||7|13|28|28.0|4.0|6|0.0|3|1||0|0|N/A|0|0||1|9|9.0|9|0||0|0|
AdamHumphries|TAM|1||2|4|14|14.0|7.0|12|0.0|1|0||0|0|0|0|0||0|0|0|0|0||0|0|
TylerMurphy|PIT|1||1|1|16|16.0|16.0|16|0.0|1|0||0|0|0|0|0||0|0|0|0|0||0|0|
KeithMumphery|HOU|1||2|3|23|23.0|11.5|17|0.0|0|0||0|0|N/A|0|0||4|14|3.5|8|0||0|0|
J.J.Nelson|ARI|1||0|3|0|0.0|N/A|0|N/A|0|0||0|0|N/A|0|0||2|15|7.5|11|0||0|0|
SethRoberts|OAK|1||3|6|12|12.0|4.0|7|0.0|0|0||0|0|0|0|0||0|0|0|0|0||0|0|
AlbertWilson|KAN|1||3|3|25|25.0|8.3|13|0.0|1|0||0|0|0|0|0||0|0|0|0|0||0|0|
RyanGrant|WAS|1||1|2|15|15.0|15.0|15|0.0|1|0||0|0|0|0|0||0|0|0|0|0||0|0|
JohnBrown|ARI|1||4|7|46|46.0|11.5|14|0.0|3|1||0|0|0|0|0||0|0|0|0|0||0|0|
DonteMoncrief|IND|1||6|11|46|46.0|7.7|15|0.0|4|1||1|5|5.0|5|0||0|0|N/A|0|0||0|0|
TravisBenjamin|CLE|1||3|3|89|89.0|29.7|54|0.0|3|1||0|0|N/A|0|0||1|10|10.0|10|0||0|0|
DevinStreet|DAL|1||0|1|0|0.0|N/A|0|N/A|0|0||0|0|0|0|0||0|0|0|0|0||0|0|
MichaelCampanaro|BAL|1||1|2|8|8.0|8.0|8|0.0|0|0||0|0|0|0|0||0|0|0|0|0||0|0|
WillieSnead|NOR|1||1|3|63|63.0|63.0|63|0.0|1|0||0|0|0|0|0||0|0|0|0|0||0|0|
CoreyBrown|CAR|1||2|3|13|13.0|6.5|7|0.0|1|0||0|0|0|0|0||0|0|0|0|0||0|0|
BrandonColeman|NOR|1||4|7|41|41.0|10.3|19|0.0|2|1||0|0|0|0|0||0|0|0|0|0||0|0|
AllenHurns|JAC|1||5|7|60|60.0|12.0|24|0.0|4|0||0|0|0|0|0||0|0|0|0|0||1|1|
DavanteAdams|GNB|1||4|8|59|59.0|14.8|25|0.0|2|0||0|0|0|0|0||0|0|0|0|0||0|0|
RishardMatthews|MIA|1||4|6|34|34.0|8.5|15|0.0|3|1||0|0|0|0|0||0|0|0|0|0||0|0|
HarryDouglas|TEN|1||2|2|24|24.0|12.0|20|0.0|2|1||0|0|0|0|0||0|0|0|0|0||0|0|
AndreCaldwell|DEN|1||1|1|1|1.0|1.0|1|0.0|0|0||0|0|0|0|0||0|0|0|0|0||0|0|
DeSeanJackson|WAS|1||0|1|0|0.0|N/A|0|N/A|0|0||0|0|0|0|0||0|0|0|0|0||0|0|
EddieRoyal|CHI|1||1|5|8|8.0|8.0|8|0.0|0|0||0|0|0|0|0||0|0|0|0|0||0|0|
JamesJones|GNB|1||4|4|51|51.0|12.8|34|0.0|4|2||0|0|0|0|0||0|0|0|0|0||0|0|
PierreGarcon|WAS|1||6|8|74|74.0|12.3|22|0.0|4|0||0|0|0|0|0||0|0|0|0|0||0|0|
StevieJohnson|SDG|1||6|6|82|82.0|13.7|34|0.0|4|1||0|0|0|0|0||0|0|0|0|0||0|0|
JeremyMaclin|KAN|1||5|9|52|52.0|10.4|20|0.0|2|0||0|0|0|0|0||0|0|0|0|0||0|0|
MichaelCrabtree|OAK|1||5|8|37|37.0|7.4|11|0.0|4|0||0|0|0|0|0||0|0|0|0|0||0|0|
T.Y.Hilton|IND|1||7|14|88|88.0|12.6|30|0.0|6|0||0|0|0|0|0||0|0|0|0|0||0|0|
DannyAmendola|NWE|1||2|3|24|24.0|12.0|18|5.0|2|0||0|0|N/A|0|0||1|1|1.0|1|0||0|0|
TedGinnJr.|CAR|1||2|7|54|54.0|27.0|37|0.0|2|0||0|0|N/A|0|0||3|46|15.3|37|0||0|0|
CalvinJohnson|DET|1||2|4|39|39.0|19.5|28|0.0|2|0||0|0|0|0|0||0|0|0|0|0||0|0|
MalcomFloyd|SDG|1||1|2|29|29.0|29.0|29|0.0|1|0||0|0|0|0|0||0|0|0|0|0||0|0|
JerrichoCotchery|CAR|1||4|6|45|45.0|11.3|24|0.0|3|1||0|0|0|0|0||0|0|0|0|0||0|0|
LarryFitzgerald|ARI|1||6|8|87|87.0|14.5|29|0.0|4|0||0|0|0|0|0||0|0|0|0|0||0|0|
AndreJohnson|IND|1||4|10|24|24.0|6.0|9|0.0|2|0||0|0|0|0|0||0|0|0|0|0||0|0|
VincentJackson|TAM|1||4|11|51|51.0|12.8|18|0.0|3|0||0|0|0|0|0||0|0|0|0|0||0|0|
NateWashington|HOU|1||6|11|105|105.0|17.5|32|0.0|5|0||0|0|0|0|0||0|0|0|0|0||0|0|
MarquesColston|NOR|1||3|7|29|29.0|9.7|14|0.0|1|0||0|0|0|0|0||0|0|0|0|0||0|0|
BrandonMarshall|NYJ|1||6|9|62|62.0|10.3|18|0.0|5|1||0|0|0|0|0||0|0|0|0|0||0|0|
GregJennings|MIA|1||3|3|29|29.0|9.7|11|0.0|1|0||0|0|0|0|0||0|0|0|0|0||0|0|
LanceMoore|DET|1||1|2|22|22.0|22.0|22|0.0|1|0||0|0|0|0|0||0|0|0|0|0||0|0|
KennyBritt|STL|1||2|3|37|37.0|18.5|21|0.0|2|0||0|0|0|0|0||0|0|0|0|0||0|0|
DarriusHeyward-Bey|PIT|1||4|7|58|58.0|14.5|43|3.0|2|0||0|0|0|0|0||0|0|0|0|0||0|0|
DougBaldwin|SEA|1||7|9|35|35.0|5.0|8|0.0|0|0||0|0|0|0|0||0|0|0|0|0||0|0|
KamarAiken|BAL|1||1|3|-1|-1.0|-1.0|-1|0.0|0|0||0|0|0|0|0||0|0|0|0|0||0|0|
BrianHartline|CLE|1||2|5|20|20.0|10.0|11|0.0|2|0||0|0|0|0|0||0|0|0|0|0||0|0|
RandallCobb|GNB|1||5|5|38|38.0|7.6|10|0.0|2|1||0|0|0|0|0||0|0|0|0|0||0|0|
A.J.Green|CIN|1||5|8|63|63.0|12.6|30|0.0|3|0||0|0|0|0|0||0|0|0|0|0||0|0|
ChrisMatthews|SEA|1||1|1|8|8.0|8.0|8|0.0|0|0||0|0|0|0|0||0|0|0|0|0||0|0|
MichaelFloyd|ARI|1||1|1|18|18.0|18.0|18|0.0|1|0||0|0|0|0|0||0|0|0|0|0||0|0|
MohamedSanu|CIN|1||2|3|34|34.0|17.0|28|0.0|1|0||0|0|0|0|0||0|0|0|0|0||0|0|
RuebenRandle|NYG|1||3|5|23|23.0|7.7|16|0.0|1|0||0|0|0|0|0||0|0|0|0|0||0|0|
AlshonJeffery|CHI|1||5|11|78|78.0|15.6|25|0.0|5|0||0|0|0|0|0||0|0|0|0|0||0|0|
KendallWright|TEN|1||4|4|101|101.0|25.3|52|0.0|3|1||0|0|0|0|0||0|0|0|0|0||0|0|
AndrewHawkins|CLE|1||3|6|24|24.0|8.0|11|0.0|1|0||0|0|0|0|0||0|0|0|0|0||0|0|
CecilShortsIII|HOU|1||4|8|57|57.0|14.3|20|0.0|3|0||0|0|0|0|0||0|0|0|0|0||0|0|
DezBryant|DAL|1||5|7|48|48.0|9.6|18|0.0|2|0||0|0|0|0|0||0|0|0|0|0||0|0|
DemaryiusThomas|DEN|1||7|11|60|60.0|8.6|11|0.0|3|0||0|0|0|0|0||0|0|0|0|0||0|0|
BryanWalters|JAC|1||2|2|17|17.0|8.5|13|0.0|1|0||0|0|0|0|0||0|0|0|0|0||0|0|
LouisMurphy|TAM|1||0|3|0|0.0|N/A|0|N/A|0|0||0|0|0|0|0||0|0|0|0|0||0|0|
GoldenTate|DET|1||4|8|24|24.0|6.0|11|0.0|1|0||0|0|N/A|0|0||2|34|17.0|20|0||0|0|
JordanNorwood|DEN|1||2|5|25|25.0|12.5|15|0.0|2|0||0|0|0|0|0||0|0|0|0|0||0|0|
EmmanuelSanders|DEN|1||8|12|65|65.0|8.1|18|0.0|5|0||0|0|N/A|0|0||3|20|6.7|13|0||0|0|
AntonioBrown|PIT|1||9|11|133|133.0|14.8|37|5.2|6|1||0|0|N/A|0|0||1|3|3.0|3|0||0|0|
PrestonParker|NYG|1||2|6|26|26.0|13.0|15|0.0|1|0||0|0|0|0|0||0|0|0|0|0||0|0|
EricDecker|NYJ|1||2|3|37|37.0|18.5|22|0.0|2|1||0|0|0|0|0||0|0|0|0|0||0|0|
AndreRoberts|WAS|1||3|4|36|36.0|12.0|18|0.0|2|0||0|0|0|0|0||0|0|0|0|0||0|0|
GriffWhalen|IND|1||0|0|0|0|0|0|0|0|0||0|0|N/A|0|0||0|0|N/A|0|0||0|0|
DriArcher|PIT|1||0|0|0|0|0|0|0|0|0||1|22|22.0|22|0||0|0|N/A|0|0||0|0|
TyMontgomery|GNB|1||0|0|0|0|0|0|0|0|0||3|106|35.3|46|0||0|0|N/A|0|0||0|0|
MarcusThigpen|BUF|1||0|0|0|0|0|0|0|0|0||1|0|0.0|0|0||1|6|6.0|6|0||0|0|
BrandonTate|CIN|1||0|0|0|0|0|0|0|0|0||2|14|7.0|8|0||0|0|N/A|0|0||0|0|
JacobyJones|SDG|1||0|0|0|0|0|0|0|0|0||1|24|24.0|24|0||0|0|N/A|0|0||0|0|
MarcMariani|CHI|1||0|0|0|0|0|0|0|0|0||2|48|24.0|25|0||1|11|11.0|11|0||0|0|
JeremyKerley|NYJ|1||0|0|0|0|0|0|0|0|0||0|0|N/A|0|0||2|13|6.5|12|0||0|0|
