TravisKelce|KAN|2||10|11|164|82.0|16.4|42|4.2|8|2||0|0|0.0|N/A|0||0|0|
AustinSeferian-Jenkins|TAM|1||5|7|110|110.0|22.0|41|11.6|4|2||0|0|0.0|N/A|0||0|0|
TylerEifert|CIN|1||9|12|104|104.0|11.6|31|4.3|6|2||0|0|0.0|N/A|0||0|0|
RobGronkowski|NWE|1||5|8|94|94.0|18.8|52|7.0|5|3||0|0|0.0|N/A|0||0|0|
JaredCook|STL|1||5|6|85|85.0|17.0|30|6.0|3|0||0|0|0.0|N/A|0||0|0|
HeathMiller|PIT|1||8|11|84|84.0|10.5|18|4.3|3|0||0|0|0.0|N/A|0||0|0|
DarrenFells|ARI|1||4|5|82|82.0|20.5|48|13.8|4|1||0|0|0.0|N/A|0||0|0|
LadariusGreen|SDG|1||5|6|74|74.0|14.8|22|10.4|4|1||0|0|0.0|N/A|0||0|0|
JordanCameron|MIA|1||4|7|73|73.0|18.3|27|3.3|3|0||0|0|0.0|N/A|0||0|0|
JordanReed|WAS|1||7|11|63|63.0|9.0|25|3.1|5|1||0|0|0.0|N/A|0||0|0|
JasonWitten|DAL|1||8|9|60|60.0|7.5|15|3.0|4|2||0|0|0.0|N/A|0||0|0|
MartellusBennett|CHI|1||5|7|55|55.0|11.0|24|7.4|4|1||0|0|0.0|N/A|0||0|0|
JamesO'Shaughnessy|KAN|2||2|3|54|27.0|27.0|30|0.0|2|0||0|0|0.0|N/A|0||0|0|
EricEbron|DET|1||4|5|53|53.0|13.3|18|3.8|3|1||0|0|0.0|N/A|0||0|0|
KyleRudolph|MIN|1||5|7|53|53.0|10.6|19|3.8|2|0||0|0|0.0|N/A|0||0|0|
JimmyGraham|SEA|1||6|8|51|51.0|8.5|19|1.7|3|1||0|0|0.0|N/A|0||0|0|
VernonDavis|SFO|1||3|6|47|47.0|15.7|20|5.3|2|0||0|0|0.0|N/A|0||0|0|
ZachErtz|PHI|1||3|8|46|46.0|15.3|21|7.0|2|0||0|0|0.0|N/A|0||0|0|
CharlesClay|BUF|1||4|4|43|43.0|10.8|27|3.5|2|0||0|0|0.0|N/A|0||1|0|
DelanieWalker|TEN|1||3|3|43|43.0|14.3|22|4.3|3|1||0|0|0.0|N/A|0||0|0|
LanceKendricks|STL|1||2|2|42|42.0|21.0|37|3.5|1|1||0|0|0.0|N/A|0||0|0|
GarrettCelek|SFO|1||3|4|40|40.0|13.3|20|6.0|2|0||0|0|0.0|N/A|0||0|0|
GaryBarnidge|CLE|1||3|5|38|38.0|12.7|22|5.3|2|0||0|0|0.0|N/A|0||0|0|
DanielFells|NYG|1||3|4|33|33.0|11.0|13|7.0|3|0||0|0|0.0|N/A|0||0|0|
RichardRodgers|GNB|1||3|3|27|27.0|9.0|20|4.3|1|0||1|11|11.0|11.0|0||0|0|
OwenDaniels|DEN|2||5|7|24|12.0|4.8|9|0.8|1|0||0|0|0.0|N/A|0||0|0|
CrockettGillmore|BAL|1||2|4|23|23.0|11.5|14|3.5|1|0||0|0|0.0|N/A|0||0|0|
LarryDonnell|NYG|1||3|4|21|21.0|7.0|8|3.7|1|0||0|0|0.0|N/A|0||0|0|
BenjaminWatson|NOR|1||3|5|19|19.0|6.3|8|1.7|1|0||0|0|0.0|N/A|0||0|0|
JacobTamme|ATL|1||3|3|19|19.0|6.3|8|1.7|0|0||0|0|0.0|N/A|0||0|0|
AnthonyFasano|TEN|1||1|1|18|18.0|18.0|18|16.0|1|0||0|0|0.0|N/A|0||0|0|
RyanGriffin|HOU|1||1|4|18|18.0|18.0|18|6.0|1|0||0|0|0.0|N/A|0||0|0|
DwayneAllen|IND|1||3|6|17|17.0|5.7|8|1.7|1|1||0|0|0.0|N/A|0||0|0|
C.J.Fiedorowicz|HOU|1||1|1|15|15.0|15.0|15|2.0|1|0||0|0|0.0|N/A|0||0|0|
MaxxWilliams|BAL|1||1|2|15|15.0|15.0|15|16.0|1|0||0|0|0.0|N/A|0||0|0|
JimDray|CLE|1||1|3|13|13.0|13.0|13|8.0|1|0||0|0|0.0|N/A|0||0|0|
VirgilGreen|DEN|2||2|4|12|6.0|6.0|11|0.0|2|1||0|0|0.0|N/A|0||0|0|
GregOlsen|CAR|1||1|3|11|11.0|11.0|11|3.0|1|0||0|0|0.0|N/A|0||0|0|
EdDickson|CAR|1||1|2|9|9.0|9.0|9|2.0|1|0||0|0|0.0|N/A|0||0|0|
GavinEscobar|DAL|1||2|2|8|8.0|4.0|6|0.0|2|1||0|0|0.0|N/A|0||0|0|
DerekCarrier|WAS|1||2|2|8|8.0|4.0|9|4.5|0|0||0|0|0.0|N/A|0||0|0|
BrentCelek|PHI|1||1|1|6|6.0|6.0|6|6.0|0|0||0|0|0.0|N/A|0||0|0|
VanceMcDonald|SFO|1||1|1|5|5.0|5.0|5|4.0|0|0||0|0|0.0|N/A|0||0|0|
CobyFleener|IND|1||1|1|5|5.0|5.0|5|1.0|0|0||0|0|0.0|N/A|0||0|0|
LevineToilolo|ATL|1||1|1|4|4.0|4.0|4|0.0|1|0||0|0|0.0|N/A|0||0|0|
MychalRivera|OAK|1||1|2|4|4.0|4.0|4|0.0|0|0||0|0|0.0|N/A|0||0|0|
JermaineGresham|ARI|1||1|1|4|4.0|4.0|4|2.0|0|0||0|0|0.0|N/A|0||0|0|
RhettEllison|MIN|1||1|2|3|3.0|3.0|3|8.0|0|0||0|0|0.0|N/A|0||0|0|
CliveWalford|OAK|1||1|2|1|1.0|1.0|1|2.0|0|0||0|0|0.0|N/A|0||0|0|
ScottChandler|NWE|1||1|1|1|1.0|1.0|1|1.0|1|1||0|0|0.0|N/A|0||0|0|
RyanHewitt|CIN|1||0|1|0|0.0|N/A|0|N/A|0|0||0|0|0.0|N/A|0||0|0|
ClayHarbor|JAC|1||0|1|0|0.0|N/A|0|N/A|0|0||0|0|0.0|N/A|0||0|0|
GarrettGraham|HOU|1||0|1|0|0.0|N/A|0|N/A|0|0||0|0|0.0|N/A|0||0|0|
ZachMiller|CHI|1||0|1|0|0.0|N/A|0|N/A|0|0||0|0|0.0|N/A|0||0|0|
NicJacobs|JAC|1||0|1|0|0.0|N/A|0|N/A|0|0||0|0|0.0|N/A|0||0|0|
BrandonPettigrew|DET|1||0|1|0|0.0|N/A|0|N/A|0|0||0|0|0.0|N/A|0||0|0|
DionSims|MIA|1||0|1|0|0.0|N/A|0|N/A|0|0||0|0|0.0|N/A|0||0|0|
KellenDavis|NYJ|1||0|1|0|0.0|N/A|0|N/A|0|0||0|0|0.0|N/A|0||0|0|
RobHousler|CLE|1||0|1|0|0.0|N/A|0|N/A|0|0||0|0|0.0|N/A|0||0|0|
LukeWillson|SEA|1||0|1|0|0.0|N/A|0|N/A|0|0||0|0|0.0|N/A|0||0|0|
